
1
1111
5555
1111
5555
PagoMatricula
100
15
00
12
05
2018

2
1111
4444
1122
4444
Pago
200
18
00
10
04
2018

3
2222
3333
2222
1111
Hola
300
19
00
14
03
2018

4
3333
3333
3333
3344
Pago
400
05
00
08
03
2017

5
3333
3333
3344
3333
Paro
500
15
00
10
03
2018

6
3333
2222
1111
2222
Holis
600
11
00
11
04
2018

7
4444
1111
4444
1122
Nose
700
16
00
14
03
2018

8
5555
1111
5555
1111
Holaaa
800
22
00
15
02
2018

9
2222
5555
2222
5555
jejeje
900
14
00
14
08
2017

10
1111
3333
1111
3344
asd
950
22
00
12
03
2018